[(array([14,  5, 18]), array([[14,  1],
       [ 5,  1],
       [18,  1]])), (array([20,  3,  4]), array([[20,  0],
       [ 3,  0],
       [ 4,  1]])), (array([15,  6, 20]), array([[15,  1],
       [ 6,  1],
       [20,  0]])), (array([18, 12,  2]), array([[18,  1],
       [12,  0],
       [ 2,  1]])), (array([11,  6, 14]), array([[11,  1],
       [ 6,  1],
       [14,  0]])), (array([ 3, 10, 18]), array([[ 3,  1],
       [10,  0],
       [18,  1]]))]
[(array([14,  5, 18]), array([[14,  1],
       [ 5,  1],
       [18,  1]])), (array([20,  3,  4]), array([[20,  0],
       [ 3,  0],
       [ 4,  1]])), (array([18, 12,  2]), array([[18,  1],
       [12,  0],
       [ 2,  1]])), (array([ 3, 21, 12]), array([[ 3,  1],
       [21,  0],
       [12,  1]])), (array([11,  6, 14]), array([[11,  1],
       [ 6,  1],
       [14,  0]])), (array([ 3, 10, 18]), array([[ 3,  1],
       [10,  0],
       [18,  1]]))]
[(array([16,  8,  4]), array([[16,  1],
       [ 8,  0],
       [ 4,  0]])), (array([21, 17, 11]), array([[21,  1],
       [17,  0],
       [11,  0]])), (array([18, 12,  2]), array([[18,  1],
       [12,  0],
       [ 2,  1]])), (array([ 8, 18,  3]), array([[ 8,  0],
       [18,  1],
       [ 3,  1]])), (array([ 3, 21, 12]), array([[ 3,  1],
       [21,  0],
       [12,  1]])), (array([11,  6, 14]), array([[11,  1],
       [ 6,  1],
       [14,  0]]))]
[(array([14,  5, 18]), array([[14,  1],
       [ 5,  1],
       [18,  1]])), (array([20,  3,  4]), array([[20,  0],
       [ 3,  0],
       [ 4,  1]])), (array([15,  6, 20]), array([[15,  1],
       [ 6,  1],
       [20,  0]])), (array([ 8, 18,  3]), array([[ 8,  0],
       [18,  1],
       [ 3,  1]])), (array([11,  6, 14]), array([[11,  1],
       [ 6,  1],
       [14,  0]])), (array([ 3, 10, 18]), array([[ 3,  1],
       [10,  0],
       [18,  1]]))]
[(array([14,  5, 18]), array([[14,  1],
       [ 5,  1],
       [18,  1]])), (array([20,  3,  4]), array([[20,  0],
       [ 3,  0],
       [ 4,  1]])), (array([15,  6, 20]), array([[15,  1],
       [ 6,  1],
       [20,  0]])), (array([21, 17, 11]), array([[21,  1],
       [17,  0],
       [11,  0]])), (array([11,  6, 14]), array([[11,  1],
       [ 6,  1],
       [14,  0]])), (array([ 3, 10, 18]), array([[ 3,  1],
       [10,  0],
       [18,  1]]))]
[(array([14,  5, 18]), array([[14,  1],
       [ 5,  1],
       [18,  1]])), (array([20,  3,  4]), array([[20,  0],
       [ 3,  0],
       [ 4,  1]])), (array([15,  6, 20]), array([[15,  1],
       [ 6,  1],
       [20,  0]])), (array([ 8, 18,  3]), array([[ 8,  0],
       [18,  1],
       [ 3,  1]])), (array([11,  6, 14]), array([[11,  1],
       [ 6,  1],
       [14,  0]])), (array([ 3, 10, 18]), array([[ 3,  1],
       [10,  0],
       [18,  1]]))]
[(array([14,  5, 18]), array([[14,  1],
       [ 5,  1],
       [18,  1]])), (array([20,  3,  4]), array([[20,  0],
       [ 3,  0],
       [ 4,  1]])), (array([15,  6, 20]), array([[15,  1],
       [ 6,  1],
       [20,  0]])), (array([18, 12,  2]), array([[18,  1],
       [12,  0],
       [ 2,  1]])), (array([ 3, 21, 12]), array([[ 3,  1],
       [21,  0],
       [12,  1]])), (array([11,  6, 14]), array([[11,  1],
       [ 6,  1],
       [14,  0]])), (array([ 3, 10, 18]), array([[ 3,  1],
       [10,  0],
       [18,  1]]))]
[(array([20,  3,  4]), array([[20,  0],
       [ 3,  0],
       [ 4,  1]])), (array([15,  6, 20]), array([[15,  1],
       [ 6,  1],
       [20,  0]])), (array([16,  8,  4]), array([[16,  1],
       [ 8,  0],
       [ 4,  0]])), (array([21, 17, 11]), array([[21,  1],
       [17,  0],
       [11,  0]])), (array([18, 12,  2]), array([[18,  1],
       [12,  0],
       [ 2,  1]])), (array([ 8, 18,  3]), array([[ 8,  0],
       [18,  1],
       [ 3,  1]])), (array([ 3, 21, 12]), array([[ 3,  1],
       [21,  0],
       [12,  1]])), (array([11,  6, 14]), array([[11,  1],
       [ 6,  1],
       [14,  0]]))]
[(array([14,  5, 18]), array([[14,  1],
       [ 5,  1],
       [18,  1]])), (array([20,  3,  4]), array([[20,  0],
       [ 3,  0],
       [ 4,  1]])), (array([ 3, 21, 12]), array([[ 3,  1],
       [21,  0],
       [12,  1]])), (array([11,  6, 14]), array([[11,  1],
       [ 6,  1],
       [14,  0]])), (array([ 3, 10, 18]), array([[ 3,  1],
       [10,  0],
       [18,  1]]))]
[(array([16,  8,  4]), array([[16,  1],
       [ 8,  0],
       [ 4,  0]])), (array([21, 17, 11]), array([[21,  1],
       [17,  0],
       [11,  0]])), (array([18, 12,  2]), array([[18,  1],
       [12,  0],
       [ 2,  1]])), (array([ 8, 18,  3]), array([[ 8,  0],
       [18,  1],
       [ 3,  1]])), (array([ 3, 21, 12]), array([[ 3,  1],
       [21,  0],
       [12,  1]]))]
[(array([20,  3,  4]), array([[20,  0],
       [ 3,  0],
       [ 4,  1]])), (array([15,  6, 20]), array([[15,  1],
       [ 6,  1],
       [20,  0]])), (array([16,  8,  4]), array([[16,  1],
       [ 8,  0],
       [ 4,  0]])), (array([21, 17, 11]), array([[21,  1],
       [17,  0],
       [11,  0]])), (array([18, 12,  2]), array([[18,  1],
       [12,  0],
       [ 2,  1]])), (array([ 8, 18,  3]), array([[ 8,  0],
       [18,  1],
       [ 3,  1]])), (array([ 3, 21, 12]), array([[ 3,  1],
       [21,  0],
       [12,  1]])), (array([ 3, 10, 18]), array([[ 3,  1],
       [10,  0],
       [18,  1]]))]
[(array([14,  5, 18]), array([[14,  1],
       [ 5,  1],
       [18,  1]])), (array([20,  3,  4]), array([[20,  0],
       [ 3,  0],
       [ 4,  1]])), (array([15,  6, 20]), array([[15,  1],
       [ 6,  1],
       [20,  0]])), (array([21, 17, 11]), array([[21,  1],
       [17,  0],
       [11,  0]])), (array([ 8, 18,  3]), array([[ 8,  0],
       [18,  1],
       [ 3,  1]])), (array([ 3, 21, 12]), array([[ 3,  1],
       [21,  0],
       [12,  1]])), (array([11,  6, 14]), array([[11,  1],
       [ 6,  1],
       [14,  0]])), (array([ 3, 10, 18]), array([[ 3,  1],
       [10,  0],
       [18,  1]]))]
[(array([14,  5, 18]), array([[14,  1],
       [ 5,  1],
       [18,  1]])), (array([20,  3,  4]), array([[20,  0],
       [ 3,  0],
       [ 4,  1]])), (array([15,  6, 20]), array([[15,  1],
       [ 6,  1],
       [20,  0]])), (array([11,  6, 14]), array([[11,  1],
       [ 6,  1],
       [14,  0]])), (array([ 3, 10, 18]), array([[ 3,  1],
       [10,  0],
       [18,  1]]))]
[(array([14,  5, 18]), array([[14,  1],
       [ 5,  1],
       [18,  1]])), (array([20,  3,  4]), array([[20,  0],
       [ 3,  0],
       [ 4,  1]])), (array([15,  6, 20]), array([[15,  1],
       [ 6,  1],
       [20,  0]])), (array([16,  8,  4]), array([[16,  1],
       [ 8,  0],
       [ 4,  0]])), (array([21, 17, 11]), array([[21,  1],
       [17,  0],
       [11,  0]])), (array([ 8, 18,  3]), array([[ 8,  0],
       [18,  1],
       [ 3,  1]])), (array([ 3, 21, 12]), array([[ 3,  1],
       [21,  0],
       [12,  1]])), (array([11,  6, 14]), array([[11,  1],
       [ 6,  1],
       [14,  0]]))]
[(array([20,  3,  4]), array([[20,  0],
       [ 3,  0],
       [ 4,  1]])), (array([16,  8,  4]), array([[16,  1],
       [ 8,  0],
       [ 4,  0]])), (array([21, 17, 11]), array([[21,  1],
       [17,  0],
       [11,  0]])), (array([18, 12,  2]), array([[18,  1],
       [12,  0],
       [ 2,  1]])), (array([ 8, 18,  3]), array([[ 8,  0],
       [18,  1],
       [ 3,  1]])), (array([ 3, 21, 12]), array([[ 3,  1],
       [21,  0],
       [12,  1]]))]
[(array([14,  5, 18]), array([[14,  1],
       [ 5,  1],
       [18,  1]])), (array([20,  3,  4]), array([[20,  0],
       [ 3,  0],
       [ 4,  1]])), (array([15,  6, 20]), array([[15,  1],
       [ 6,  1],
       [20,  0]])), (array([16,  8,  4]), array([[16,  1],
       [ 8,  0],
       [ 4,  0]])), (array([21, 17, 11]), array([[21,  1],
       [17,  0],
       [11,  0]])), (array([18, 12,  2]), array([[18,  1],
       [12,  0],
       [ 2,  1]])), (array([ 8, 18,  3]), array([[ 8,  0],
       [18,  1],
       [ 3,  1]])), (array([ 3, 21, 12]), array([[ 3,  1],
       [21,  0],
       [12,  1]])), (array([11,  6, 14]), array([[11,  1],
       [ 6,  1],
       [14,  0]]))]
[(array([14,  5, 18]), array([[14,  1],
       [ 5,  1],
       [18,  1]])), (array([16,  8,  4]), array([[16,  1],
       [ 8,  0],
       [ 4,  0]])), (array([21, 17, 11]), array([[21,  1],
       [17,  0],
       [11,  0]])), (array([18, 12,  2]), array([[18,  1],
       [12,  0],
       [ 2,  1]])), (array([ 8, 18,  3]), array([[ 8,  0],
       [18,  1],
       [ 3,  1]])), (array([ 3, 21, 12]), array([[ 3,  1],
       [21,  0],
       [12,  1]])), (array([ 3, 10, 18]), array([[ 3,  1],
       [10,  0],
       [18,  1]]))]
[(array([14,  5, 18]), array([[14,  1],
       [ 5,  1],
       [18,  1]])), (array([20,  3,  4]), array([[20,  0],
       [ 3,  0],
       [ 4,  1]])), (array([15,  6, 20]), array([[15,  1],
       [ 6,  1],
       [20,  0]])), (array([21, 17, 11]), array([[21,  1],
       [17,  0],
       [11,  0]])), (array([11,  6, 14]), array([[11,  1],
       [ 6,  1],
       [14,  0]])), (array([ 3, 10, 18]), array([[ 3,  1],
       [10,  0],
       [18,  1]]))]
[(array([14,  5, 18]), array([[14,  1],
       [ 5,  1],
       [18,  1]])), (array([20,  3,  4]), array([[20,  0],
       [ 3,  0],
       [ 4,  1]])), (array([15,  6, 20]), array([[15,  1],
       [ 6,  1],
       [20,  0]])), (array([11,  6, 14]), array([[11,  1],
       [ 6,  1],
       [14,  0]])), (array([ 3, 10, 18]), array([[ 3,  1],
       [10,  0],
       [18,  1]]))]
[(array([14,  5, 18]), array([[14,  1],
       [ 5,  1],
       [18,  1]])), (array([20,  3,  4]), array([[20,  0],
       [ 3,  0],
       [ 4,  1]])), (array([21, 17, 11]), array([[21,  1],
       [17,  0],
       [11,  0]])), (array([18, 12,  2]), array([[18,  1],
       [12,  0],
       [ 2,  1]])), (array([ 3, 21, 12]), array([[ 3,  1],
       [21,  0],
       [12,  1]])), (array([11,  6, 14]), array([[11,  1],
       [ 6,  1],
       [14,  0]])), (array([ 3, 10, 18]), array([[ 3,  1],
       [10,  0],
       [18,  1]]))]
[(array([16,  8,  4]), array([[16,  1],
       [ 8,  0],
       [ 4,  0]])), (array([21, 17, 11]), array([[21,  1],
       [17,  0],
       [11,  0]])), (array([18, 12,  2]), array([[18,  1],
       [12,  0],
       [ 2,  1]])), (array([ 8, 18,  3]), array([[ 8,  0],
       [18,  1],
       [ 3,  1]])), (array([ 3, 21, 12]), array([[ 3,  1],
       [21,  0],
       [12,  1]])), (array([ 3, 10, 18]), array([[ 3,  1],
       [10,  0],
       [18,  1]]))]
[(array([14,  5, 18]), array([[14,  1],
       [ 5,  1],
       [18,  1]])), (array([20,  3,  4]), array([[20,  0],
       [ 3,  0],
       [ 4,  1]])), (array([15,  6, 20]), array([[15,  1],
       [ 6,  1],
       [20,  0]])), (array([18, 12,  2]), array([[18,  1],
       [12,  0],
       [ 2,  1]])), (array([ 8, 18,  3]), array([[ 8,  0],
       [18,  1],
       [ 3,  1]])), (array([ 3, 21, 12]), array([[ 3,  1],
       [21,  0],
       [12,  1]])), (array([11,  6, 14]), array([[11,  1],
       [ 6,  1],
       [14,  0]])), (array([ 3, 10, 18]), array([[ 3,  1],
       [10,  0],
       [18,  1]]))]
[(array([14,  5, 18]), array([[14,  1],
       [ 5,  1],
       [18,  1]])), (array([20,  3,  4]), array([[20,  0],
       [ 3,  0],
       [ 4,  1]])), (array([15,  6, 20]), array([[15,  1],
       [ 6,  1],
       [20,  0]])), (array([21, 17, 11]), array([[21,  1],
       [17,  0],
       [11,  0]])), (array([ 3, 21, 12]), array([[ 3,  1],
       [21,  0],
       [12,  1]])), (array([11,  6, 14]), array([[11,  1],
       [ 6,  1],
       [14,  0]])), (array([ 3, 10, 18]), array([[ 3,  1],
       [10,  0],
       [18,  1]]))]
[(array([16,  8,  4]), array([[16,  1],
       [ 8,  0],
       [ 4,  0]])), (array([21, 17, 11]), array([[21,  1],
       [17,  0],
       [11,  0]])), (array([18, 12,  2]), array([[18,  1],
       [12,  0],
       [ 2,  1]])), (array([ 8, 18,  3]), array([[ 8,  0],
       [18,  1],
       [ 3,  1]])), (array([ 3, 21, 12]), array([[ 3,  1],
       [21,  0],
       [12,  1]]))]
[(array([14,  5, 18]), array([[14,  1],
       [ 5,  1],
       [18,  1]])), (array([20,  3,  4]), array([[20,  0],
       [ 3,  0],
       [ 4,  1]])), (array([15,  6, 20]), array([[15,  1],
       [ 6,  1],
       [20,  0]])), (array([ 8, 18,  3]), array([[ 8,  0],
       [18,  1],
       [ 3,  1]])), (array([11,  6, 14]), array([[11,  1],
       [ 6,  1],
       [14,  0]])), (array([ 3, 10, 18]), array([[ 3,  1],
       [10,  0],
       [18,  1]]))]
[(array([14,  5, 18]), array([[14,  1],
       [ 5,  1],
       [18,  1]])), (array([20,  3,  4]), array([[20,  0],
       [ 3,  0],
       [ 4,  1]])), (array([15,  6, 20]), array([[15,  1],
       [ 6,  1],
       [20,  0]])), (array([16,  8,  4]), array([[16,  1],
       [ 8,  0],
       [ 4,  0]])), (array([18, 12,  2]), array([[18,  1],
       [12,  0],
       [ 2,  1]])), (array([ 8, 18,  3]), array([[ 8,  0],
       [18,  1],
       [ 3,  1]])), (array([11,  6, 14]), array([[11,  1],
       [ 6,  1],
       [14,  0]])), (array([ 3, 10, 18]), array([[ 3,  1],
       [10,  0],
       [18,  1]]))]
[(array([14,  5, 18]), array([[14,  1],
       [ 5,  1],
       [18,  1]])), (array([20,  3,  4]), array([[20,  0],
       [ 3,  0],
       [ 4,  1]])), (array([16,  8,  4]), array([[16,  1],
       [ 8,  0],
       [ 4,  0]])), (array([21, 17, 11]), array([[21,  1],
       [17,  0],
       [11,  0]])), (array([18, 12,  2]), array([[18,  1],
       [12,  0],
       [ 2,  1]])), (array([ 8, 18,  3]), array([[ 8,  0],
       [18,  1],
       [ 3,  1]])), (array([ 3, 21, 12]), array([[ 3,  1],
       [21,  0],
       [12,  1]])), (array([ 3, 10, 18]), array([[ 3,  1],
       [10,  0],
       [18,  1]]))]
[(array([20,  3,  4]), array([[20,  0],
       [ 3,  0],
       [ 4,  1]])), (array([16,  8,  4]), array([[16,  1],
       [ 8,  0],
       [ 4,  0]])), (array([21, 17, 11]), array([[21,  1],
       [17,  0],
       [11,  0]])), (array([18, 12,  2]), array([[18,  1],
       [12,  0],
       [ 2,  1]])), (array([ 8, 18,  3]), array([[ 8,  0],
       [18,  1],
       [ 3,  1]])), (array([ 3, 21, 12]), array([[ 3,  1],
       [21,  0],
       [12,  1]]))]
[(array([16,  8,  4]), array([[16,  1],
       [ 8,  0],
       [ 4,  0]])), (array([21, 17, 11]), array([[21,  1],
       [17,  0],
       [11,  0]])), (array([18, 12,  2]), array([[18,  1],
       [12,  0],
       [ 2,  1]])), (array([ 8, 18,  3]), array([[ 8,  0],
       [18,  1],
       [ 3,  1]])), (array([ 3, 21, 12]), array([[ 3,  1],
       [21,  0],
       [12,  1]])), (array([11,  6, 14]), array([[11,  1],
       [ 6,  1],
       [14,  0]])), (array([ 3, 10, 18]), array([[ 3,  1],
       [10,  0],
       [18,  1]]))]
[(array([14,  5, 18]), array([[14,  1],
       [ 5,  1],
       [18,  1]])), (array([20,  3,  4]), array([[20,  0],
       [ 3,  0],
       [ 4,  1]])), (array([15,  6, 20]), array([[15,  1],
       [ 6,  1],
       [20,  0]])), (array([18, 12,  2]), array([[18,  1],
       [12,  0],
       [ 2,  1]])), (array([ 8, 18,  3]), array([[ 8,  0],
       [18,  1],
       [ 3,  1]])), (array([11,  6, 14]), array([[11,  1],
       [ 6,  1],
       [14,  0]])), (array([ 3, 10, 18]), array([[ 3,  1],
       [10,  0],
       [18,  1]]))]
[(array([14,  5, 18]), array([[14,  1],
       [ 5,  1],
       [18,  1]])), (array([20,  3,  4]), array([[20,  0],
       [ 3,  0],
       [ 4,  1]])), (array([16,  8,  4]), array([[16,  1],
       [ 8,  0],
       [ 4,  0]])), (array([18, 12,  2]), array([[18,  1],
       [12,  0],
       [ 2,  1]])), (array([ 8, 18,  3]), array([[ 8,  0],
       [18,  1],
       [ 3,  1]])), (array([ 3, 21, 12]), array([[ 3,  1],
       [21,  0],
       [12,  1]])), (array([11,  6, 14]), array([[11,  1],
       [ 6,  1],
       [14,  0]])), (array([ 3, 10, 18]), array([[ 3,  1],
       [10,  0],
       [18,  1]]))]
[(array([14,  5, 18]), array([[14,  1],
       [ 5,  1],
       [18,  1]])), (array([20,  3,  4]), array([[20,  0],
       [ 3,  0],
       [ 4,  1]])), (array([15,  6, 20]), array([[15,  1],
       [ 6,  1],
       [20,  0]])), (array([11,  6, 14]), array([[11,  1],
       [ 6,  1],
       [14,  0]])), (array([ 3, 10, 18]), array([[ 3,  1],
       [10,  0],
       [18,  1]]))]
[(array([14,  5, 18]), array([[14,  1],
       [ 5,  1],
       [18,  1]])), (array([20,  3,  4]), array([[20,  0],
       [ 3,  0],
       [ 4,  1]])), (array([18, 12,  2]), array([[18,  1],
       [12,  0],
       [ 2,  1]])), (array([ 8, 18,  3]), array([[ 8,  0],
       [18,  1],
       [ 3,  1]])), (array([ 3, 21, 12]), array([[ 3,  1],
       [21,  0],
       [12,  1]])), (array([11,  6, 14]), array([[11,  1],
       [ 6,  1],
       [14,  0]])), (array([ 3, 10, 18]), array([[ 3,  1],
       [10,  0],
       [18,  1]]))]
[(array([14,  5, 18]), array([[14,  1],
       [ 5,  1],
       [18,  1]])), (array([20,  3,  4]), array([[20,  0],
       [ 3,  0],
       [ 4,  1]])), (array([16,  8,  4]), array([[16,  1],
       [ 8,  0],
       [ 4,  0]])), (array([21, 17, 11]), array([[21,  1],
       [17,  0],
       [11,  0]])), (array([18, 12,  2]), array([[18,  1],
       [12,  0],
       [ 2,  1]])), (array([ 8, 18,  3]), array([[ 8,  0],
       [18,  1],
       [ 3,  1]])), (array([ 3, 21, 12]), array([[ 3,  1],
       [21,  0],
       [12,  1]]))]
[(array([16,  8,  4]), array([[16,  1],
       [ 8,  0],
       [ 4,  0]])), (array([21, 17, 11]), array([[21,  1],
       [17,  0],
       [11,  0]])), (array([18, 12,  2]), array([[18,  1],
       [12,  0],
       [ 2,  1]])), (array([ 8, 18,  3]), array([[ 8,  0],
       [18,  1],
       [ 3,  1]])), (array([ 3, 21, 12]), array([[ 3,  1],
       [21,  0],
       [12,  1]]))]
[(array([14,  5, 18]), array([[14,  1],
       [ 5,  1],
       [18,  1]])), (array([20,  3,  4]), array([[20,  0],
       [ 3,  0],
       [ 4,  1]])), (array([15,  6, 20]), array([[15,  1],
       [ 6,  1],
       [20,  0]])), (array([16,  8,  4]), array([[16,  1],
       [ 8,  0],
       [ 4,  0]])), (array([ 8, 18,  3]), array([[ 8,  0],
       [18,  1],
       [ 3,  1]])), (array([11,  6, 14]), array([[11,  1],
       [ 6,  1],
       [14,  0]])), (array([ 3, 10, 18]), array([[ 3,  1],
       [10,  0],
       [18,  1]]))]
[(array([14,  5, 18]), array([[14,  1],
       [ 5,  1],
       [18,  1]])), (array([20,  3,  4]), array([[20,  0],
       [ 3,  0],
       [ 4,  1]])), (array([16,  8,  4]), array([[16,  1],
       [ 8,  0],
       [ 4,  0]])), (array([21, 17, 11]), array([[21,  1],
       [17,  0],
       [11,  0]])), (array([18, 12,  2]), array([[18,  1],
       [12,  0],
       [ 2,  1]])), (array([ 8, 18,  3]), array([[ 8,  0],
       [18,  1],
       [ 3,  1]])), (array([ 3, 21, 12]), array([[ 3,  1],
       [21,  0],
       [12,  1]]))]
[(array([14,  5, 18]), array([[14,  1],
       [ 5,  1],
       [18,  1]])), (array([20,  3,  4]), array([[20,  0],
       [ 3,  0],
       [ 4,  1]])), (array([15,  6, 20]), array([[15,  1],
       [ 6,  1],
       [20,  0]])), (array([ 8, 18,  3]), array([[ 8,  0],
       [18,  1],
       [ 3,  1]])), (array([11,  6, 14]), array([[11,  1],
       [ 6,  1],
       [14,  0]])), (array([ 3, 10, 18]), array([[ 3,  1],
       [10,  0],
       [18,  1]]))]
[(array([14,  5, 18]), array([[14,  1],
       [ 5,  1],
       [18,  1]])), (array([16,  8,  4]), array([[16,  1],
       [ 8,  0],
       [ 4,  0]])), (array([21, 17, 11]), array([[21,  1],
       [17,  0],
       [11,  0]])), (array([18, 12,  2]), array([[18,  1],
       [12,  0],
       [ 2,  1]])), (array([ 8, 18,  3]), array([[ 8,  0],
       [18,  1],
       [ 3,  1]])), (array([ 3, 21, 12]), array([[ 3,  1],
       [21,  0],
       [12,  1]])), (array([11,  6, 14]), array([[11,  1],
       [ 6,  1],
       [14,  0]])), (array([ 3, 10, 18]), array([[ 3,  1],
       [10,  0],
       [18,  1]]))]
[(array([20,  3,  4]), array([[20,  0],
       [ 3,  0],
       [ 4,  1]])), (array([16,  8,  4]), array([[16,  1],
       [ 8,  0],
       [ 4,  0]])), (array([21, 17, 11]), array([[21,  1],
       [17,  0],
       [11,  0]])), (array([18, 12,  2]), array([[18,  1],
       [12,  0],
       [ 2,  1]])), (array([ 8, 18,  3]), array([[ 8,  0],
       [18,  1],
       [ 3,  1]])), (array([ 3, 21, 12]), array([[ 3,  1],
       [21,  0],
       [12,  1]])), (array([ 3, 10, 18]), array([[ 3,  1],
       [10,  0],
       [18,  1]]))]
[(array([14,  5, 18]), array([[14,  1],
       [ 5,  1],
       [18,  1]])), (array([20,  3,  4]), array([[20,  0],
       [ 3,  0],
       [ 4,  1]])), (array([15,  6, 20]), array([[15,  1],
       [ 6,  1],
       [20,  0]])), (array([16,  8,  4]), array([[16,  1],
       [ 8,  0],
       [ 4,  0]])), (array([ 8, 18,  3]), array([[ 8,  0],
       [18,  1],
       [ 3,  1]])), (array([11,  6, 14]), array([[11,  1],
       [ 6,  1],
       [14,  0]])), (array([ 3, 10, 18]), array([[ 3,  1],
       [10,  0],
       [18,  1]]))]
[(array([20,  3,  4]), array([[20,  0],
       [ 3,  0],
       [ 4,  1]])), (array([16,  8,  4]), array([[16,  1],
       [ 8,  0],
       [ 4,  0]])), (array([21, 17, 11]), array([[21,  1],
       [17,  0],
       [11,  0]])), (array([18, 12,  2]), array([[18,  1],
       [12,  0],
       [ 2,  1]])), (array([ 8, 18,  3]), array([[ 8,  0],
       [18,  1],
       [ 3,  1]])), (array([ 3, 21, 12]), array([[ 3,  1],
       [21,  0],
       [12,  1]]))]
[(array([14,  5, 18]), array([[14,  1],
       [ 5,  1],
       [18,  1]])), (array([20,  3,  4]), array([[20,  0],
       [ 3,  0],
       [ 4,  1]])), (array([15,  6, 20]), array([[15,  1],
       [ 6,  1],
       [20,  0]])), (array([21, 17, 11]), array([[21,  1],
       [17,  0],
       [11,  0]])), (array([ 3, 21, 12]), array([[ 3,  1],
       [21,  0],
       [12,  1]])), (array([11,  6, 14]), array([[11,  1],
       [ 6,  1],
       [14,  0]])), (array([ 3, 10, 18]), array([[ 3,  1],
       [10,  0],
       [18,  1]]))]
[(array([20,  3,  4]), array([[20,  0],
       [ 3,  0],
       [ 4,  1]])), (array([16,  8,  4]), array([[16,  1],
       [ 8,  0],
       [ 4,  0]])), (array([21, 17, 11]), array([[21,  1],
       [17,  0],
       [11,  0]])), (array([18, 12,  2]), array([[18,  1],
       [12,  0],
       [ 2,  1]])), (array([ 8, 18,  3]), array([[ 8,  0],
       [18,  1],
       [ 3,  1]])), (array([ 3, 21, 12]), array([[ 3,  1],
       [21,  0],
       [12,  1]])), (array([11,  6, 14]), array([[11,  1],
       [ 6,  1],
       [14,  0]])), (array([ 3, 10, 18]), array([[ 3,  1],
       [10,  0],
       [18,  1]]))]
[(array([14,  5, 18]), array([[14,  1],
       [ 5,  1],
       [18,  1]])), (array([20,  3,  4]), array([[20,  0],
       [ 3,  0],
       [ 4,  1]])), (array([15,  6, 20]), array([[15,  1],
       [ 6,  1],
       [20,  0]])), (array([ 3, 21, 12]), array([[ 3,  1],
       [21,  0],
       [12,  1]])), (array([11,  6, 14]), array([[11,  1],
       [ 6,  1],
       [14,  0]])), (array([ 3, 10, 18]), array([[ 3,  1],
       [10,  0],
       [18,  1]]))]
[(array([14,  5, 18]), array([[14,  1],
       [ 5,  1],
       [18,  1]])), (array([20,  3,  4]), array([[20,  0],
       [ 3,  0],
       [ 4,  1]])), (array([16,  8,  4]), array([[16,  1],
       [ 8,  0],
       [ 4,  0]])), (array([ 8, 18,  3]), array([[ 8,  0],
       [18,  1],
       [ 3,  1]])), (array([ 3, 21, 12]), array([[ 3,  1],
       [21,  0],
       [12,  1]])), (array([11,  6, 14]), array([[11,  1],
       [ 6,  1],
       [14,  0]])), (array([ 3, 10, 18]), array([[ 3,  1],
       [10,  0],
       [18,  1]]))]
[(array([14,  5, 18]), array([[14,  1],
       [ 5,  1],
       [18,  1]])), (array([20,  3,  4]), array([[20,  0],
       [ 3,  0],
       [ 4,  1]])), (array([15,  6, 20]), array([[15,  1],
       [ 6,  1],
       [20,  0]])), (array([ 8, 18,  3]), array([[ 8,  0],
       [18,  1],
       [ 3,  1]])), (array([11,  6, 14]), array([[11,  1],
       [ 6,  1],
       [14,  0]])), (array([ 3, 10, 18]), array([[ 3,  1],
       [10,  0],
       [18,  1]]))]
[(array([14,  5, 18]), array([[14,  1],
       [ 5,  1],
       [18,  1]])), (array([20,  3,  4]), array([[20,  0],
       [ 3,  0],
       [ 4,  1]])), (array([15,  6, 20]), array([[15,  1],
       [ 6,  1],
       [20,  0]])), (array([16,  8,  4]), array([[16,  1],
       [ 8,  0],
       [ 4,  0]])), (array([21, 17, 11]), array([[21,  1],
       [17,  0],
       [11,  0]])), (array([ 8, 18,  3]), array([[ 8,  0],
       [18,  1],
       [ 3,  1]])), (array([11,  6, 14]), array([[11,  1],
       [ 6,  1],
       [14,  0]]))]
[(array([14,  5, 18]), array([[14,  1],
       [ 5,  1],
       [18,  1]])), (array([20,  3,  4]), array([[20,  0],
       [ 3,  0],
       [ 4,  1]])), (array([15,  6, 20]), array([[15,  1],
       [ 6,  1],
       [20,  0]])), (array([16,  8,  4]), array([[16,  1],
       [ 8,  0],
       [ 4,  0]])), (array([ 8, 18,  3]), array([[ 8,  0],
       [18,  1],
       [ 3,  1]])), (array([11,  6, 14]), array([[11,  1],
       [ 6,  1],
       [14,  0]])), (array([ 3, 10, 18]), array([[ 3,  1],
       [10,  0],
       [18,  1]]))]
[(array([14,  5, 18]), array([[14,  1],
       [ 5,  1],
       [18,  1]])), (array([20,  3,  4]), array([[20,  0],
       [ 3,  0],
       [ 4,  1]])), (array([21, 17, 11]), array([[21,  1],
       [17,  0],
       [11,  0]])), (array([18, 12,  2]), array([[18,  1],
       [12,  0],
       [ 2,  1]])), (array([ 3, 21, 12]), array([[ 3,  1],
       [21,  0],
       [12,  1]])), (array([11,  6, 14]), array([[11,  1],
       [ 6,  1],
       [14,  0]])), (array([ 3, 10, 18]), array([[ 3,  1],
       [10,  0],
       [18,  1]]))]
[(array([14,  5, 18]), array([[14,  1],
       [ 5,  1],
       [18,  1]])), (array([20,  3,  4]), array([[20,  0],
       [ 3,  0],
       [ 4,  1]])), (array([16,  8,  4]), array([[16,  1],
       [ 8,  0],
       [ 4,  0]])), (array([21, 17, 11]), array([[21,  1],
       [17,  0],
       [11,  0]])), (array([18, 12,  2]), array([[18,  1],
       [12,  0],
       [ 2,  1]])), (array([ 8, 18,  3]), array([[ 8,  0],
       [18,  1],
       [ 3,  1]])), (array([ 3, 21, 12]), array([[ 3,  1],
       [21,  0],
       [12,  1]])), (array([11,  6, 14]), array([[11,  1],
       [ 6,  1],
       [14,  0]]))]
[(array([14,  5, 18]), array([[14,  1],
       [ 5,  1],
       [18,  1]])), (array([20,  3,  4]), array([[20,  0],
       [ 3,  0],
       [ 4,  1]])), (array([15,  6, 20]), array([[15,  1],
       [ 6,  1],
       [20,  0]])), (array([11,  6, 14]), array([[11,  1],
       [ 6,  1],
       [14,  0]])), (array([ 3, 10, 18]), array([[ 3,  1],
       [10,  0],
       [18,  1]]))]
[(array([14,  5, 18]), array([[14,  1],
       [ 5,  1],
       [18,  1]])), (array([20,  3,  4]), array([[20,  0],
       [ 3,  0],
       [ 4,  1]])), (array([15,  6, 20]), array([[15,  1],
       [ 6,  1],
       [20,  0]])), (array([21, 17, 11]), array([[21,  1],
       [17,  0],
       [11,  0]])), (array([11,  6, 14]), array([[11,  1],
       [ 6,  1],
       [14,  0]])), (array([ 3, 10, 18]), array([[ 3,  1],
       [10,  0],
       [18,  1]]))]
[(array([14,  5, 18]), array([[14,  1],
       [ 5,  1],
       [18,  1]])), (array([20,  3,  4]), array([[20,  0],
       [ 3,  0],
       [ 4,  1]])), (array([15,  6, 20]), array([[15,  1],
       [ 6,  1],
       [20,  0]])), (array([ 8, 18,  3]), array([[ 8,  0],
       [18,  1],
       [ 3,  1]])), (array([11,  6, 14]), array([[11,  1],
       [ 6,  1],
       [14,  0]])), (array([ 3, 10, 18]), array([[ 3,  1],
       [10,  0],
       [18,  1]]))]
[(array([14,  5, 18]), array([[14,  1],
       [ 5,  1],
       [18,  1]])), (array([20,  3,  4]), array([[20,  0],
       [ 3,  0],
       [ 4,  1]])), (array([15,  6, 20]), array([[15,  1],
       [ 6,  1],
       [20,  0]])), (array([11,  6, 14]), array([[11,  1],
       [ 6,  1],
       [14,  0]])), (array([ 3, 10, 18]), array([[ 3,  1],
       [10,  0],
       [18,  1]]))]
[(array([14,  5, 18]), array([[14,  1],
       [ 5,  1],
       [18,  1]])), (array([20,  3,  4]), array([[20,  0],
       [ 3,  0],
       [ 4,  1]])), (array([15,  6, 20]), array([[15,  1],
       [ 6,  1],
       [20,  0]])), (array([21, 17, 11]), array([[21,  1],
       [17,  0],
       [11,  0]])), (array([ 8, 18,  3]), array([[ 8,  0],
       [18,  1],
       [ 3,  1]])), (array([11,  6, 14]), array([[11,  1],
       [ 6,  1],
       [14,  0]])), (array([ 3, 10, 18]), array([[ 3,  1],
       [10,  0],
       [18,  1]]))]
[(array([20,  3,  4]), array([[20,  0],
       [ 3,  0],
       [ 4,  1]])), (array([16,  8,  4]), array([[16,  1],
       [ 8,  0],
       [ 4,  0]])), (array([21, 17, 11]), array([[21,  1],
       [17,  0],
       [11,  0]])), (array([18, 12,  2]), array([[18,  1],
       [12,  0],
       [ 2,  1]])), (array([ 8, 18,  3]), array([[ 8,  0],
       [18,  1],
       [ 3,  1]])), (array([ 3, 21, 12]), array([[ 3,  1],
       [21,  0],
       [12,  1]])), (array([11,  6, 14]), array([[11,  1],
       [ 6,  1],
       [14,  0]]))]
[(array([14,  5, 18]), array([[14,  1],
       [ 5,  1],
       [18,  1]])), (array([20,  3,  4]), array([[20,  0],
       [ 3,  0],
       [ 4,  1]])), (array([15,  6, 20]), array([[15,  1],
       [ 6,  1],
       [20,  0]])), (array([16,  8,  4]), array([[16,  1],
       [ 8,  0],
       [ 4,  0]])), (array([ 8, 18,  3]), array([[ 8,  0],
       [18,  1],
       [ 3,  1]])), (array([11,  6, 14]), array([[11,  1],
       [ 6,  1],
       [14,  0]])), (array([ 3, 10, 18]), array([[ 3,  1],
       [10,  0],
       [18,  1]]))]
[(array([16,  8,  4]), array([[16,  1],
       [ 8,  0],
       [ 4,  0]])), (array([21, 17, 11]), array([[21,  1],
       [17,  0],
       [11,  0]])), (array([18, 12,  2]), array([[18,  1],
       [12,  0],
       [ 2,  1]])), (array([ 8, 18,  3]), array([[ 8,  0],
       [18,  1],
       [ 3,  1]])), (array([ 3, 21, 12]), array([[ 3,  1],
       [21,  0],
       [12,  1]]))]
[(array([20,  3,  4]), array([[20,  0],
       [ 3,  0],
       [ 4,  1]])), (array([16,  8,  4]), array([[16,  1],
       [ 8,  0],
       [ 4,  0]])), (array([21, 17, 11]), array([[21,  1],
       [17,  0],
       [11,  0]])), (array([18, 12,  2]), array([[18,  1],
       [12,  0],
       [ 2,  1]])), (array([ 8, 18,  3]), array([[ 8,  0],
       [18,  1],
       [ 3,  1]])), (array([ 3, 21, 12]), array([[ 3,  1],
       [21,  0],
       [12,  1]]))]
[(array([14,  5, 18]), array([[14,  1],
       [ 5,  1],
       [18,  1]])), (array([20,  3,  4]), array([[20,  0],
       [ 3,  0],
       [ 4,  1]])), (array([15,  6, 20]), array([[15,  1],
       [ 6,  1],
       [20,  0]])), (array([21, 17, 11]), array([[21,  1],
       [17,  0],
       [11,  0]])), (array([18, 12,  2]), array([[18,  1],
       [12,  0],
       [ 2,  1]])), (array([ 8, 18,  3]), array([[ 8,  0],
       [18,  1],
       [ 3,  1]])), (array([ 3, 21, 12]), array([[ 3,  1],
       [21,  0],
       [12,  1]])), (array([11,  6, 14]), array([[11,  1],
       [ 6,  1],
       [14,  0]])), (array([ 3, 10, 18]), array([[ 3,  1],
       [10,  0],
       [18,  1]]))]
[(array([14,  5, 18]), array([[14,  1],
       [ 5,  1],
       [18,  1]])), (array([20,  3,  4]), array([[20,  0],
       [ 3,  0],
       [ 4,  1]])), (array([21, 17, 11]), array([[21,  1],
       [17,  0],
       [11,  0]])), (array([ 3, 21, 12]), array([[ 3,  1],
       [21,  0],
       [12,  1]])), (array([11,  6, 14]), array([[11,  1],
       [ 6,  1],
       [14,  0]])), (array([ 3, 10, 18]), array([[ 3,  1],
       [10,  0],
       [18,  1]]))]
[(array([14,  5, 18]), array([[14,  1],
       [ 5,  1],
       [18,  1]])), (array([20,  3,  4]), array([[20,  0],
       [ 3,  0],
       [ 4,  1]])), (array([15,  6, 20]), array([[15,  1],
       [ 6,  1],
       [20,  0]])), (array([ 8, 18,  3]), array([[ 8,  0],
       [18,  1],
       [ 3,  1]])), (array([11,  6, 14]), array([[11,  1],
       [ 6,  1],
       [14,  0]])), (array([ 3, 10, 18]), array([[ 3,  1],
       [10,  0],
       [18,  1]]))]
[(array([16,  8,  4]), array([[16,  1],
       [ 8,  0],
       [ 4,  0]])), (array([21, 17, 11]), array([[21,  1],
       [17,  0],
       [11,  0]])), (array([18, 12,  2]), array([[18,  1],
       [12,  0],
       [ 2,  1]])), (array([ 8, 18,  3]), array([[ 8,  0],
       [18,  1],
       [ 3,  1]])), (array([ 3, 21, 12]), array([[ 3,  1],
       [21,  0],
       [12,  1]]))]
[(array([14,  5, 18]), array([[14,  1],
       [ 5,  1],
       [18,  1]])), (array([20,  3,  4]), array([[20,  0],
       [ 3,  0],
       [ 4,  1]])), (array([ 8, 18,  3]), array([[ 8,  0],
       [18,  1],
       [ 3,  1]])), (array([ 3, 21, 12]), array([[ 3,  1],
       [21,  0],
       [12,  1]])), (array([11,  6, 14]), array([[11,  1],
       [ 6,  1],
       [14,  0]])), (array([ 3, 10, 18]), array([[ 3,  1],
       [10,  0],
       [18,  1]]))]
[(array([16,  8,  4]), array([[16,  1],
       [ 8,  0],
       [ 4,  0]])), (array([21, 17, 11]), array([[21,  1],
       [17,  0],
       [11,  0]])), (array([18, 12,  2]), array([[18,  1],
       [12,  0],
       [ 2,  1]])), (array([ 8, 18,  3]), array([[ 8,  0],
       [18,  1],
       [ 3,  1]])), (array([ 3, 21, 12]), array([[ 3,  1],
       [21,  0],
       [12,  1]]))]
[(array([14,  5, 18]), array([[14,  1],
       [ 5,  1],
       [18,  1]])), (array([20,  3,  4]), array([[20,  0],
       [ 3,  0],
       [ 4,  1]])), (array([15,  6, 20]), array([[15,  1],
       [ 6,  1],
       [20,  0]])), (array([16,  8,  4]), array([[16,  1],
       [ 8,  0],
       [ 4,  0]])), (array([18, 12,  2]), array([[18,  1],
       [12,  0],
       [ 2,  1]])), (array([ 8, 18,  3]), array([[ 8,  0],
       [18,  1],
       [ 3,  1]])), (array([ 3, 21, 12]), array([[ 3,  1],
       [21,  0],
       [12,  1]])), (array([11,  6, 14]), array([[11,  1],
       [ 6,  1],
       [14,  0]])), (array([ 3, 10, 18]), array([[ 3,  1],
       [10,  0],
       [18,  1]]))]
[(array([14,  5, 18]), array([[14,  1],
       [ 5,  1],
       [18,  1]])), (array([20,  3,  4]), array([[20,  0],
       [ 3,  0],
       [ 4,  1]])), (array([15,  6, 20]), array([[15,  1],
       [ 6,  1],
       [20,  0]])), (array([16,  8,  4]), array([[16,  1],
       [ 8,  0],
       [ 4,  0]])), (array([21, 17, 11]), array([[21,  1],
       [17,  0],
       [11,  0]])), (array([18, 12,  2]), array([[18,  1],
       [12,  0],
       [ 2,  1]])), (array([ 8, 18,  3]), array([[ 8,  0],
       [18,  1],
       [ 3,  1]])), (array([ 3, 21, 12]), array([[ 3,  1],
       [21,  0],
       [12,  1]])), (array([11,  6, 14]), array([[11,  1],
       [ 6,  1],
       [14,  0]])), (array([ 3, 10, 18]), array([[ 3,  1],
       [10,  0],
       [18,  1]]))]
[(array([20,  3,  4]), array([[20,  0],
       [ 3,  0],
       [ 4,  1]])), (array([16,  8,  4]), array([[16,  1],
       [ 8,  0],
       [ 4,  0]])), (array([21, 17, 11]), array([[21,  1],
       [17,  0],
       [11,  0]])), (array([18, 12,  2]), array([[18,  1],
       [12,  0],
       [ 2,  1]])), (array([ 8, 18,  3]), array([[ 8,  0],
       [18,  1],
       [ 3,  1]])), (array([ 3, 21, 12]), array([[ 3,  1],
       [21,  0],
       [12,  1]])), (array([ 3, 10, 18]), array([[ 3,  1],
       [10,  0],
       [18,  1]]))]
[(array([16,  8,  4]), array([[16,  1],
       [ 8,  0],
       [ 4,  0]])), (array([21, 17, 11]), array([[21,  1],
       [17,  0],
       [11,  0]])), (array([18, 12,  2]), array([[18,  1],
       [12,  0],
       [ 2,  1]])), (array([ 8, 18,  3]), array([[ 8,  0],
       [18,  1],
       [ 3,  1]])), (array([ 3, 21, 12]), array([[ 3,  1],
       [21,  0],
       [12,  1]])), (array([ 3, 10, 18]), array([[ 3,  1],
       [10,  0],
       [18,  1]]))]
[(array([14,  5, 18]), array([[14,  1],
       [ 5,  1],
       [18,  1]])), (array([20,  3,  4]), array([[20,  0],
       [ 3,  0],
       [ 4,  1]])), (array([15,  6, 20]), array([[15,  1],
       [ 6,  1],
       [20,  0]])), (array([11,  6, 14]), array([[11,  1],
       [ 6,  1],
       [14,  0]])), (array([ 3, 10, 18]), array([[ 3,  1],
       [10,  0],
       [18,  1]]))]
[(array([14,  5, 18]), array([[14,  1],
       [ 5,  1],
       [18,  1]])), (array([20,  3,  4]), array([[20,  0],
       [ 3,  0],
       [ 4,  1]])), (array([21, 17, 11]), array([[21,  1],
       [17,  0],
       [11,  0]])), (array([18, 12,  2]), array([[18,  1],
       [12,  0],
       [ 2,  1]])), (array([ 8, 18,  3]), array([[ 8,  0],
       [18,  1],
       [ 3,  1]])), (array([ 3, 21, 12]), array([[ 3,  1],
       [21,  0],
       [12,  1]])), (array([11,  6, 14]), array([[11,  1],
       [ 6,  1],
       [14,  0]])), (array([ 3, 10, 18]), array([[ 3,  1],
       [10,  0],
       [18,  1]]))]
[(array([14,  5, 18]), array([[14,  1],
       [ 5,  1],
       [18,  1]])), (array([16,  8,  4]), array([[16,  1],
       [ 8,  0],
       [ 4,  0]])), (array([21, 17, 11]), array([[21,  1],
       [17,  0],
       [11,  0]])), (array([18, 12,  2]), array([[18,  1],
       [12,  0],
       [ 2,  1]])), (array([ 8, 18,  3]), array([[ 8,  0],
       [18,  1],
       [ 3,  1]])), (array([ 3, 21, 12]), array([[ 3,  1],
       [21,  0],
       [12,  1]])), (array([11,  6, 14]), array([[11,  1],
       [ 6,  1],
       [14,  0]])), (array([ 3, 10, 18]), array([[ 3,  1],
       [10,  0],
       [18,  1]]))]
[(array([16,  8,  4]), array([[16,  1],
       [ 8,  0],
       [ 4,  0]])), (array([21, 17, 11]), array([[21,  1],
       [17,  0],
       [11,  0]])), (array([18, 12,  2]), array([[18,  1],
       [12,  0],
       [ 2,  1]])), (array([ 8, 18,  3]), array([[ 8,  0],
       [18,  1],
       [ 3,  1]])), (array([ 3, 21, 12]), array([[ 3,  1],
       [21,  0],
       [12,  1]])), (array([ 3, 10, 18]), array([[ 3,  1],
       [10,  0],
       [18,  1]]))]
[(array([14,  5, 18]), array([[14,  1],
       [ 5,  1],
       [18,  1]])), (array([20,  3,  4]), array([[20,  0],
       [ 3,  0],
       [ 4,  1]])), (array([15,  6, 20]), array([[15,  1],
       [ 6,  1],
       [20,  0]])), (array([16,  8,  4]), array([[16,  1],
       [ 8,  0],
       [ 4,  0]])), (array([ 8, 18,  3]), array([[ 8,  0],
       [18,  1],
       [ 3,  1]])), (array([11,  6, 14]), array([[11,  1],
       [ 6,  1],
       [14,  0]])), (array([ 3, 10, 18]), array([[ 3,  1],
       [10,  0],
       [18,  1]]))]
[(array([14,  5, 18]), array([[14,  1],
       [ 5,  1],
       [18,  1]])), (array([20,  3,  4]), array([[20,  0],
       [ 3,  0],
       [ 4,  1]])), (array([15,  6, 20]), array([[15,  1],
       [ 6,  1],
       [20,  0]])), (array([18, 12,  2]), array([[18,  1],
       [12,  0],
       [ 2,  1]])), (array([ 3, 21, 12]), array([[ 3,  1],
       [21,  0],
       [12,  1]])), (array([11,  6, 14]), array([[11,  1],
       [ 6,  1],
       [14,  0]])), (array([ 3, 10, 18]), array([[ 3,  1],
       [10,  0],
       [18,  1]]))]
[(array([14,  5, 18]), array([[14,  1],
       [ 5,  1],
       [18,  1]])), (array([20,  3,  4]), array([[20,  0],
       [ 3,  0],
       [ 4,  1]])), (array([15,  6, 20]), array([[15,  1],
       [ 6,  1],
       [20,  0]])), (array([11,  6, 14]), array([[11,  1],
       [ 6,  1],
       [14,  0]])), (array([ 3, 10, 18]), array([[ 3,  1],
       [10,  0],
       [18,  1]]))]
[(array([14,  5, 18]), array([[14,  1],
       [ 5,  1],
       [18,  1]])), (array([20,  3,  4]), array([[20,  0],
       [ 3,  0],
       [ 4,  1]])), (array([15,  6, 20]), array([[15,  1],
       [ 6,  1],
       [20,  0]])), (array([16,  8,  4]), array([[16,  1],
       [ 8,  0],
       [ 4,  0]])), (array([ 8, 18,  3]), array([[ 8,  0],
       [18,  1],
       [ 3,  1]])), (array([11,  6, 14]), array([[11,  1],
       [ 6,  1],
       [14,  0]])), (array([ 3, 10, 18]), array([[ 3,  1],
       [10,  0],
       [18,  1]]))]
[(array([14,  5, 18]), array([[14,  1],
       [ 5,  1],
       [18,  1]])), (array([16,  8,  4]), array([[16,  1],
       [ 8,  0],
       [ 4,  0]])), (array([21, 17, 11]), array([[21,  1],
       [17,  0],
       [11,  0]])), (array([18, 12,  2]), array([[18,  1],
       [12,  0],
       [ 2,  1]])), (array([ 8, 18,  3]), array([[ 8,  0],
       [18,  1],
       [ 3,  1]])), (array([ 3, 21, 12]), array([[ 3,  1],
       [21,  0],
       [12,  1]])), (array([11,  6, 14]), array([[11,  1],
       [ 6,  1],
       [14,  0]]))]
[(array([20,  3,  4]), array([[20,  0],
       [ 3,  0],
       [ 4,  1]])), (array([15,  6, 20]), array([[15,  1],
       [ 6,  1],
       [20,  0]])), (array([16,  8,  4]), array([[16,  1],
       [ 8,  0],
       [ 4,  0]])), (array([21, 17, 11]), array([[21,  1],
       [17,  0],
       [11,  0]])), (array([18, 12,  2]), array([[18,  1],
       [12,  0],
       [ 2,  1]])), (array([ 8, 18,  3]), array([[ 8,  0],
       [18,  1],
       [ 3,  1]])), (array([ 3, 21, 12]), array([[ 3,  1],
       [21,  0],
       [12,  1]])), (array([11,  6, 14]), array([[11,  1],
       [ 6,  1],
       [14,  0]])), (array([ 3, 10, 18]), array([[ 3,  1],
       [10,  0],
       [18,  1]]))]
[(array([20,  3,  4]), array([[20,  0],
       [ 3,  0],
       [ 4,  1]])), (array([16,  8,  4]), array([[16,  1],
       [ 8,  0],
       [ 4,  0]])), (array([21, 17, 11]), array([[21,  1],
       [17,  0],
       [11,  0]])), (array([18, 12,  2]), array([[18,  1],
       [12,  0],
       [ 2,  1]])), (array([ 8, 18,  3]), array([[ 8,  0],
       [18,  1],
       [ 3,  1]])), (array([ 3, 21, 12]), array([[ 3,  1],
       [21,  0],
       [12,  1]]))]
[(array([20,  3,  4]), array([[20,  0],
       [ 3,  0],
       [ 4,  1]])), (array([15,  6, 20]), array([[15,  1],
       [ 6,  1],
       [20,  0]])), (array([16,  8,  4]), array([[16,  1],
       [ 8,  0],
       [ 4,  0]])), (array([21, 17, 11]), array([[21,  1],
       [17,  0],
       [11,  0]])), (array([18, 12,  2]), array([[18,  1],
       [12,  0],
       [ 2,  1]])), (array([ 8, 18,  3]), array([[ 8,  0],
       [18,  1],
       [ 3,  1]])), (array([ 3, 21, 12]), array([[ 3,  1],
       [21,  0],
       [12,  1]]))]
[(array([14,  5, 18]), array([[14,  1],
       [ 5,  1],
       [18,  1]])), (array([20,  3,  4]), array([[20,  0],
       [ 3,  0],
       [ 4,  1]])), (array([15,  6, 20]), array([[15,  1],
       [ 6,  1],
       [20,  0]])), (array([11,  6, 14]), array([[11,  1],
       [ 6,  1],
       [14,  0]])), (array([ 3, 10, 18]), array([[ 3,  1],
       [10,  0],
       [18,  1]]))]
[(array([14,  5, 18]), array([[14,  1],
       [ 5,  1],
       [18,  1]])), (array([20,  3,  4]), array([[20,  0],
       [ 3,  0],
       [ 4,  1]])), (array([18, 12,  2]), array([[18,  1],
       [12,  0],
       [ 2,  1]])), (array([ 3, 21, 12]), array([[ 3,  1],
       [21,  0],
       [12,  1]])), (array([11,  6, 14]), array([[11,  1],
       [ 6,  1],
       [14,  0]])), (array([ 3, 10, 18]), array([[ 3,  1],
       [10,  0],
       [18,  1]]))]
[(array([14,  5, 18]), array([[14,  1],
       [ 5,  1],
       [18,  1]])), (array([20,  3,  4]), array([[20,  0],
       [ 3,  0],
       [ 4,  1]])), (array([ 3, 21, 12]), array([[ 3,  1],
       [21,  0],
       [12,  1]])), (array([11,  6, 14]), array([[11,  1],
       [ 6,  1],
       [14,  0]])), (array([ 3, 10, 18]), array([[ 3,  1],
       [10,  0],
       [18,  1]]))]
[(array([16,  8,  4]), array([[16,  1],
       [ 8,  0],
       [ 4,  0]])), (array([21, 17, 11]), array([[21,  1],
       [17,  0],
       [11,  0]])), (array([18, 12,  2]), array([[18,  1],
       [12,  0],
       [ 2,  1]])), (array([ 8, 18,  3]), array([[ 8,  0],
       [18,  1],
       [ 3,  1]])), (array([ 3, 21, 12]), array([[ 3,  1],
       [21,  0],
       [12,  1]])), (array([ 3, 10, 18]), array([[ 3,  1],
       [10,  0],
       [18,  1]]))]
[(array([20,  3,  4]), array([[20,  0],
       [ 3,  0],
       [ 4,  1]])), (array([16,  8,  4]), array([[16,  1],
       [ 8,  0],
       [ 4,  0]])), (array([21, 17, 11]), array([[21,  1],
       [17,  0],
       [11,  0]])), (array([18, 12,  2]), array([[18,  1],
       [12,  0],
       [ 2,  1]])), (array([ 8, 18,  3]), array([[ 8,  0],
       [18,  1],
       [ 3,  1]])), (array([ 3, 21, 12]), array([[ 3,  1],
       [21,  0],
       [12,  1]])), (array([ 3, 10, 18]), array([[ 3,  1],
       [10,  0],
       [18,  1]]))]
[(array([16,  8,  4]), array([[16,  1],
       [ 8,  0],
       [ 4,  0]])), (array([21, 17, 11]), array([[21,  1],
       [17,  0],
       [11,  0]])), (array([18, 12,  2]), array([[18,  1],
       [12,  0],
       [ 2,  1]])), (array([ 8, 18,  3]), array([[ 8,  0],
       [18,  1],
       [ 3,  1]])), (array([ 3, 21, 12]), array([[ 3,  1],
       [21,  0],
       [12,  1]]))]
[(array([14,  5, 18]), array([[14,  1],
       [ 5,  1],
       [18,  1]])), (array([20,  3,  4]), array([[20,  0],
       [ 3,  0],
       [ 4,  1]])), (array([15,  6, 20]), array([[15,  1],
       [ 6,  1],
       [20,  0]])), (array([16,  8,  4]), array([[16,  1],
       [ 8,  0],
       [ 4,  0]])), (array([21, 17, 11]), array([[21,  1],
       [17,  0],
       [11,  0]])), (array([ 8, 18,  3]), array([[ 8,  0],
       [18,  1],
       [ 3,  1]])), (array([11,  6, 14]), array([[11,  1],
       [ 6,  1],
       [14,  0]]))]
[(array([14,  5, 18]), array([[14,  1],
       [ 5,  1],
       [18,  1]])), (array([20,  3,  4]), array([[20,  0],
       [ 3,  0],
       [ 4,  1]])), (array([15,  6, 20]), array([[15,  1],
       [ 6,  1],
       [20,  0]])), (array([16,  8,  4]), array([[16,  1],
       [ 8,  0],
       [ 4,  0]])), (array([ 8, 18,  3]), array([[ 8,  0],
       [18,  1],
       [ 3,  1]])), (array([11,  6, 14]), array([[11,  1],
       [ 6,  1],
       [14,  0]])), (array([ 3, 10, 18]), array([[ 3,  1],
       [10,  0],
       [18,  1]]))]
[(array([20,  3,  4]), array([[20,  0],
       [ 3,  0],
       [ 4,  1]])), (array([16,  8,  4]), array([[16,  1],
       [ 8,  0],
       [ 4,  0]])), (array([21, 17, 11]), array([[21,  1],
       [17,  0],
       [11,  0]])), (array([18, 12,  2]), array([[18,  1],
       [12,  0],
       [ 2,  1]])), (array([ 8, 18,  3]), array([[ 8,  0],
       [18,  1],
       [ 3,  1]])), (array([ 3, 21, 12]), array([[ 3,  1],
       [21,  0],
       [12,  1]]))]
[(array([14,  5, 18]), array([[14,  1],
       [ 5,  1],
       [18,  1]])), (array([20,  3,  4]), array([[20,  0],
       [ 3,  0],
       [ 4,  1]])), (array([15,  6, 20]), array([[15,  1],
       [ 6,  1],
       [20,  0]])), (array([18, 12,  2]), array([[18,  1],
       [12,  0],
       [ 2,  1]])), (array([ 8, 18,  3]), array([[ 8,  0],
       [18,  1],
       [ 3,  1]])), (array([11,  6, 14]), array([[11,  1],
       [ 6,  1],
       [14,  0]])), (array([ 3, 10, 18]), array([[ 3,  1],
       [10,  0],
       [18,  1]]))]
[(array([16,  8,  4]), array([[16,  1],
       [ 8,  0],
       [ 4,  0]])), (array([21, 17, 11]), array([[21,  1],
       [17,  0],
       [11,  0]])), (array([18, 12,  2]), array([[18,  1],
       [12,  0],
       [ 2,  1]])), (array([ 8, 18,  3]), array([[ 8,  0],
       [18,  1],
       [ 3,  1]])), (array([ 3, 21, 12]), array([[ 3,  1],
       [21,  0],
       [12,  1]]))]
[(array([16,  8,  4]), array([[16,  1],
       [ 8,  0],
       [ 4,  0]])), (array([21, 17, 11]), array([[21,  1],
       [17,  0],
       [11,  0]])), (array([18, 12,  2]), array([[18,  1],
       [12,  0],
       [ 2,  1]])), (array([ 8, 18,  3]), array([[ 8,  0],
       [18,  1],
       [ 3,  1]])), (array([ 3, 21, 12]), array([[ 3,  1],
       [21,  0],
       [12,  1]])), (array([ 3, 10, 18]), array([[ 3,  1],
       [10,  0],
       [18,  1]]))]
[(array([14,  5, 18]), array([[14,  1],
       [ 5,  1],
       [18,  1]])), (array([20,  3,  4]), array([[20,  0],
       [ 3,  0],
       [ 4,  1]])), (array([15,  6, 20]), array([[15,  1],
       [ 6,  1],
       [20,  0]])), (array([16,  8,  4]), array([[16,  1],
       [ 8,  0],
       [ 4,  0]])), (array([21, 17, 11]), array([[21,  1],
       [17,  0],
       [11,  0]])), (array([ 8, 18,  3]), array([[ 8,  0],
       [18,  1],
       [ 3,  1]])), (array([11,  6, 14]), array([[11,  1],
       [ 6,  1],
       [14,  0]])), (array([ 3, 10, 18]), array([[ 3,  1],
       [10,  0],
       [18,  1]]))]
[(array([14,  5, 18]), array([[14,  1],
       [ 5,  1],
       [18,  1]])), (array([16,  8,  4]), array([[16,  1],
       [ 8,  0],
       [ 4,  0]])), (array([21, 17, 11]), array([[21,  1],
       [17,  0],
       [11,  0]])), (array([18, 12,  2]), array([[18,  1],
       [12,  0],
       [ 2,  1]])), (array([ 8, 18,  3]), array([[ 8,  0],
       [18,  1],
       [ 3,  1]])), (array([ 3, 21, 12]), array([[ 3,  1],
       [21,  0],
       [12,  1]])), (array([11,  6, 14]), array([[11,  1],
       [ 6,  1],
       [14,  0]]))]
[(array([14,  5, 18]), array([[14,  1],
       [ 5,  1],
       [18,  1]])), (array([20,  3,  4]), array([[20,  0],
       [ 3,  0],
       [ 4,  1]])), (array([15,  6, 20]), array([[15,  1],
       [ 6,  1],
       [20,  0]])), (array([21, 17, 11]), array([[21,  1],
       [17,  0],
       [11,  0]])), (array([18, 12,  2]), array([[18,  1],
       [12,  0],
       [ 2,  1]])), (array([ 3, 21, 12]), array([[ 3,  1],
       [21,  0],
       [12,  1]])), (array([11,  6, 14]), array([[11,  1],
       [ 6,  1],
       [14,  0]])), (array([ 3, 10, 18]), array([[ 3,  1],
       [10,  0],
       [18,  1]]))]
[(array([14,  5, 18]), array([[14,  1],
       [ 5,  1],
       [18,  1]])), (array([16,  8,  4]), array([[16,  1],
       [ 8,  0],
       [ 4,  0]])), (array([21, 17, 11]), array([[21,  1],
       [17,  0],
       [11,  0]])), (array([18, 12,  2]), array([[18,  1],
       [12,  0],
       [ 2,  1]])), (array([ 8, 18,  3]), array([[ 8,  0],
       [18,  1],
       [ 3,  1]])), (array([ 3, 21, 12]), array([[ 3,  1],
       [21,  0],
       [12,  1]]))]
[(array([14,  5, 18]), array([[14,  1],
       [ 5,  1],
       [18,  1]])), (array([20,  3,  4]), array([[20,  0],
       [ 3,  0],
       [ 4,  1]])), (array([15,  6, 20]), array([[15,  1],
       [ 6,  1],
       [20,  0]])), (array([21, 17, 11]), array([[21,  1],
       [17,  0],
       [11,  0]])), (array([ 8, 18,  3]), array([[ 8,  0],
       [18,  1],
       [ 3,  1]])), (array([11,  6, 14]), array([[11,  1],
       [ 6,  1],
       [14,  0]])), (array([ 3, 10, 18]), array([[ 3,  1],
       [10,  0],
       [18,  1]]))]
[(array([14,  5, 18]), array([[14,  1],
       [ 5,  1],
       [18,  1]])), (array([20,  3,  4]), array([[20,  0],
       [ 3,  0],
       [ 4,  1]])), (array([15,  6, 20]), array([[15,  1],
       [ 6,  1],
       [20,  0]])), (array([16,  8,  4]), array([[16,  1],
       [ 8,  0],
       [ 4,  0]])), (array([21, 17, 11]), array([[21,  1],
       [17,  0],
       [11,  0]])), (array([ 8, 18,  3]), array([[ 8,  0],
       [18,  1],
       [ 3,  1]])), (array([11,  6, 14]), array([[11,  1],
       [ 6,  1],
       [14,  0]])), (array([ 3, 10, 18]), array([[ 3,  1],
       [10,  0],
       [18,  1]]))]
[(array([14,  5, 18]), array([[14,  1],
       [ 5,  1],
       [18,  1]])), (array([20,  3,  4]), array([[20,  0],
       [ 3,  0],
       [ 4,  1]])), (array([15,  6, 20]), array([[15,  1],
       [ 6,  1],
       [20,  0]])), (array([16,  8,  4]), array([[16,  1],
       [ 8,  0],
       [ 4,  0]])), (array([ 8, 18,  3]), array([[ 8,  0],
       [18,  1],
       [ 3,  1]])), (array([11,  6, 14]), array([[11,  1],
       [ 6,  1],
       [14,  0]])), (array([ 3, 10, 18]), array([[ 3,  1],
       [10,  0],
       [18,  1]]))]
[(array([16,  8,  4]), array([[16,  1],
       [ 8,  0],
       [ 4,  0]])), (array([21, 17, 11]), array([[21,  1],
       [17,  0],
       [11,  0]])), (array([18, 12,  2]), array([[18,  1],
       [12,  0],
       [ 2,  1]])), (array([ 8, 18,  3]), array([[ 8,  0],
       [18,  1],
       [ 3,  1]])), (array([ 3, 21, 12]), array([[ 3,  1],
       [21,  0],
       [12,  1]])), (array([11,  6, 14]), array([[11,  1],
       [ 6,  1],
       [14,  0]])), (array([ 3, 10, 18]), array([[ 3,  1],
       [10,  0],
       [18,  1]]))]
[(array([16,  8,  4]), array([[16,  1],
       [ 8,  0],
       [ 4,  0]])), (array([21, 17, 11]), array([[21,  1],
       [17,  0],
       [11,  0]])), (array([18, 12,  2]), array([[18,  1],
       [12,  0],
       [ 2,  1]])), (array([ 8, 18,  3]), array([[ 8,  0],
       [18,  1],
       [ 3,  1]])), (array([ 3, 21, 12]), array([[ 3,  1],
       [21,  0],
       [12,  1]]))]
[(array([14,  5, 18]), array([[14,  1],
       [ 5,  1],
       [18,  1]])), (array([20,  3,  4]), array([[20,  0],
       [ 3,  0],
       [ 4,  1]])), (array([15,  6, 20]), array([[15,  1],
       [ 6,  1],
       [20,  0]])), (array([21, 17, 11]), array([[21,  1],
       [17,  0],
       [11,  0]])), (array([18, 12,  2]), array([[18,  1],
       [12,  0],
       [ 2,  1]])), (array([ 3, 21, 12]), array([[ 3,  1],
       [21,  0],
       [12,  1]])), (array([11,  6, 14]), array([[11,  1],
       [ 6,  1],
       [14,  0]])), (array([ 3, 10, 18]), array([[ 3,  1],
       [10,  0],
       [18,  1]]))]
[(array([14,  5, 18]), array([[14,  1],
       [ 5,  1],
       [18,  1]])), (array([20,  3,  4]), array([[20,  0],
       [ 3,  0],
       [ 4,  1]])), (array([15,  6, 20]), array([[15,  1],
       [ 6,  1],
       [20,  0]])), (array([11,  6, 14]), array([[11,  1],
       [ 6,  1],
       [14,  0]])), (array([ 3, 10, 18]), array([[ 3,  1],
       [10,  0],
       [18,  1]]))]
[(array([14,  5, 18]), array([[14,  1],
       [ 5,  1],
       [18,  1]])), (array([20,  3,  4]), array([[20,  0],
       [ 3,  0],
       [ 4,  1]])), (array([21, 17, 11]), array([[21,  1],
       [17,  0],
       [11,  0]])), (array([ 3, 21, 12]), array([[ 3,  1],
       [21,  0],
       [12,  1]])), (array([11,  6, 14]), array([[11,  1],
       [ 6,  1],
       [14,  0]])), (array([ 3, 10, 18]), array([[ 3,  1],
       [10,  0],
       [18,  1]]))]
[(array([14,  5, 18]), array([[14,  1],
       [ 5,  1],
       [18,  1]])), (array([20,  3,  4]), array([[20,  0],
       [ 3,  0],
       [ 4,  1]])), (array([15,  6, 20]), array([[15,  1],
       [ 6,  1],
       [20,  0]])), (array([11,  6, 14]), array([[11,  1],
       [ 6,  1],
       [14,  0]])), (array([ 3, 10, 18]), array([[ 3,  1],
       [10,  0],
       [18,  1]]))]
[(array([14,  5, 18]), array([[14,  1],
       [ 5,  1],
       [18,  1]])), (array([20,  3,  4]), array([[20,  0],
       [ 3,  0],
       [ 4,  1]])), (array([21, 17, 11]), array([[21,  1],
       [17,  0],
       [11,  0]])), (array([ 8, 18,  3]), array([[ 8,  0],
       [18,  1],
       [ 3,  1]])), (array([ 3, 21, 12]), array([[ 3,  1],
       [21,  0],
       [12,  1]])), (array([11,  6, 14]), array([[11,  1],
       [ 6,  1],
       [14,  0]])), (array([ 3, 10, 18]), array([[ 3,  1],
       [10,  0],
       [18,  1]]))]
[(array([14,  5, 18]), array([[14,  1],
       [ 5,  1],
       [18,  1]])), (array([20,  3,  4]), array([[20,  0],
       [ 3,  0],
       [ 4,  1]])), (array([15,  6, 20]), array([[15,  1],
       [ 6,  1],
       [20,  0]])), (array([18, 12,  2]), array([[18,  1],
       [12,  0],
       [ 2,  1]])), (array([11,  6, 14]), array([[11,  1],
       [ 6,  1],
       [14,  0]])), (array([ 3, 10, 18]), array([[ 3,  1],
       [10,  0],
       [18,  1]]))]
[(array([14,  5, 18]), array([[14,  1],
       [ 5,  1],
       [18,  1]])), (array([20,  3,  4]), array([[20,  0],
       [ 3,  0],
       [ 4,  1]])), (array([16,  8,  4]), array([[16,  1],
       [ 8,  0],
       [ 4,  0]])), (array([21, 17, 11]), array([[21,  1],
       [17,  0],
       [11,  0]])), (array([ 8, 18,  3]), array([[ 8,  0],
       [18,  1],
       [ 3,  1]])), (array([ 3, 21, 12]), array([[ 3,  1],
       [21,  0],
       [12,  1]])), (array([11,  6, 14]), array([[11,  1],
       [ 6,  1],
       [14,  0]])), (array([ 3, 10, 18]), array([[ 3,  1],
       [10,  0],
       [18,  1]]))]
[(array([14,  5, 18]), array([[14,  1],
       [ 5,  1],
       [18,  1]])), (array([20,  3,  4]), array([[20,  0],
       [ 3,  0],
       [ 4,  1]])), (array([15,  6, 20]), array([[15,  1],
       [ 6,  1],
       [20,  0]])), (array([ 8, 18,  3]), array([[ 8,  0],
       [18,  1],
       [ 3,  1]])), (array([ 3, 21, 12]), array([[ 3,  1],
       [21,  0],
       [12,  1]])), (array([11,  6, 14]), array([[11,  1],
       [ 6,  1],
       [14,  0]])), (array([ 3, 10, 18]), array([[ 3,  1],
       [10,  0],
       [18,  1]]))]
[(array([20,  3,  4]), array([[20,  0],
       [ 3,  0],
       [ 4,  1]])), (array([15,  6, 20]), array([[15,  1],
       [ 6,  1],
       [20,  0]])), (array([16,  8,  4]), array([[16,  1],
       [ 8,  0],
       [ 4,  0]])), (array([21, 17, 11]), array([[21,  1],
       [17,  0],
       [11,  0]])), (array([18, 12,  2]), array([[18,  1],
       [12,  0],
       [ 2,  1]])), (array([ 8, 18,  3]), array([[ 8,  0],
       [18,  1],
       [ 3,  1]])), (array([ 3, 21, 12]), array([[ 3,  1],
       [21,  0],
       [12,  1]])), (array([ 3, 10, 18]), array([[ 3,  1],
       [10,  0],
       [18,  1]]))]
[(array([14,  5, 18]), array([[14,  1],
       [ 5,  1],
       [18,  1]])), (array([20,  3,  4]), array([[20,  0],
       [ 3,  0],
       [ 4,  1]])), (array([15,  6, 20]), array([[15,  1],
       [ 6,  1],
       [20,  0]])), (array([ 3, 21, 12]), array([[ 3,  1],
       [21,  0],
       [12,  1]])), (array([11,  6, 14]), array([[11,  1],
       [ 6,  1],
       [14,  0]])), (array([ 3, 10, 18]), array([[ 3,  1],
       [10,  0],
       [18,  1]]))]
[(array([14,  5, 18]), array([[14,  1],
       [ 5,  1],
       [18,  1]])), (array([20,  3,  4]), array([[20,  0],
       [ 3,  0],
       [ 4,  1]])), (array([15,  6, 20]), array([[15,  1],
       [ 6,  1],
       [20,  0]])), (array([ 8, 18,  3]), array([[ 8,  0],
       [18,  1],
       [ 3,  1]])), (array([11,  6, 14]), array([[11,  1],
       [ 6,  1],
       [14,  0]])), (array([ 3, 10, 18]), array([[ 3,  1],
       [10,  0],
       [18,  1]]))]
[(array([14,  5, 18]), array([[14,  1],
       [ 5,  1],
       [18,  1]])), (array([20,  3,  4]), array([[20,  0],
       [ 3,  0],
       [ 4,  1]])), (array([15,  6, 20]), array([[15,  1],
       [ 6,  1],
       [20,  0]])), (array([16,  8,  4]), array([[16,  1],
       [ 8,  0],
       [ 4,  0]])), (array([18, 12,  2]), array([[18,  1],
       [12,  0],
       [ 2,  1]])), (array([ 8, 18,  3]), array([[ 8,  0],
       [18,  1],
       [ 3,  1]])), (array([11,  6, 14]), array([[11,  1],
       [ 6,  1],
       [14,  0]])), (array([ 3, 10, 18]), array([[ 3,  1],
       [10,  0],
       [18,  1]]))]
[(array([20,  3,  4]), array([[20,  0],
       [ 3,  0],
       [ 4,  1]])), (array([15,  6, 20]), array([[15,  1],
       [ 6,  1],
       [20,  0]])), (array([16,  8,  4]), array([[16,  1],
       [ 8,  0],
       [ 4,  0]])), (array([21, 17, 11]), array([[21,  1],
       [17,  0],
       [11,  0]])), (array([18, 12,  2]), array([[18,  1],
       [12,  0],
       [ 2,  1]])), (array([ 8, 18,  3]), array([[ 8,  0],
       [18,  1],
       [ 3,  1]])), (array([ 3, 21, 12]), array([[ 3,  1],
       [21,  0],
       [12,  1]]))]
[(array([14,  5, 18]), array([[14,  1],
       [ 5,  1],
       [18,  1]])), (array([20,  3,  4]), array([[20,  0],
       [ 3,  0],
       [ 4,  1]])), (array([15,  6, 20]), array([[15,  1],
       [ 6,  1],
       [20,  0]])), (array([11,  6, 14]), array([[11,  1],
       [ 6,  1],
       [14,  0]])), (array([ 3, 10, 18]), array([[ 3,  1],
       [10,  0],
       [18,  1]]))]
[(array([14,  5, 18]), array([[14,  1],
       [ 5,  1],
       [18,  1]])), (array([20,  3,  4]), array([[20,  0],
       [ 3,  0],
       [ 4,  1]])), (array([15,  6, 20]), array([[15,  1],
       [ 6,  1],
       [20,  0]])), (array([18, 12,  2]), array([[18,  1],
       [12,  0],
       [ 2,  1]])), (array([11,  6, 14]), array([[11,  1],
       [ 6,  1],
       [14,  0]])), (array([ 3, 10, 18]), array([[ 3,  1],
       [10,  0],
       [18,  1]]))]
[(array([16,  8,  4]), array([[16,  1],
       [ 8,  0],
       [ 4,  0]])), (array([21, 17, 11]), array([[21,  1],
       [17,  0],
       [11,  0]])), (array([18, 12,  2]), array([[18,  1],
       [12,  0],
       [ 2,  1]])), (array([ 8, 18,  3]), array([[ 8,  0],
       [18,  1],
       [ 3,  1]])), (array([ 3, 21, 12]), array([[ 3,  1],
       [21,  0],
       [12,  1]])), (array([11,  6, 14]), array([[11,  1],
       [ 6,  1],
       [14,  0]]))]
[(array([14,  5, 18]), array([[14,  1],
       [ 5,  1],
       [18,  1]])), (array([20,  3,  4]), array([[20,  0],
       [ 3,  0],
       [ 4,  1]])), (array([16,  8,  4]), array([[16,  1],
       [ 8,  0],
       [ 4,  0]])), (array([21, 17, 11]), array([[21,  1],
       [17,  0],
       [11,  0]])), (array([18, 12,  2]), array([[18,  1],
       [12,  0],
       [ 2,  1]])), (array([ 8, 18,  3]), array([[ 8,  0],
       [18,  1],
       [ 3,  1]])), (array([ 3, 21, 12]), array([[ 3,  1],
       [21,  0],
       [12,  1]])), (array([11,  6, 14]), array([[11,  1],
       [ 6,  1],
       [14,  0]])), (array([ 3, 10, 18]), array([[ 3,  1],
       [10,  0],
       [18,  1]]))]
[(array([14,  5, 18]), array([[14,  1],
       [ 5,  1],
       [18,  1]])), (array([16,  8,  4]), array([[16,  1],
       [ 8,  0],
       [ 4,  0]])), (array([21, 17, 11]), array([[21,  1],
       [17,  0],
       [11,  0]])), (array([18, 12,  2]), array([[18,  1],
       [12,  0],
       [ 2,  1]])), (array([ 8, 18,  3]), array([[ 8,  0],
       [18,  1],
       [ 3,  1]])), (array([ 3, 21, 12]), array([[ 3,  1],
       [21,  0],
       [12,  1]]))]
[(array([20,  3,  4]), array([[20,  0],
       [ 3,  0],
       [ 4,  1]])), (array([16,  8,  4]), array([[16,  1],
       [ 8,  0],
       [ 4,  0]])), (array([21, 17, 11]), array([[21,  1],
       [17,  0],
       [11,  0]])), (array([18, 12,  2]), array([[18,  1],
       [12,  0],
       [ 2,  1]])), (array([ 8, 18,  3]), array([[ 8,  0],
       [18,  1],
       [ 3,  1]])), (array([ 3, 21, 12]), array([[ 3,  1],
       [21,  0],
       [12,  1]]))]
[(array([14,  5, 18]), array([[14,  1],
       [ 5,  1],
       [18,  1]])), (array([20,  3,  4]), array([[20,  0],
       [ 3,  0],
       [ 4,  1]])), (array([15,  6, 20]), array([[15,  1],
       [ 6,  1],
       [20,  0]])), (array([16,  8,  4]), array([[16,  1],
       [ 8,  0],
       [ 4,  0]])), (array([21, 17, 11]), array([[21,  1],
       [17,  0],
       [11,  0]])), (array([ 8, 18,  3]), array([[ 8,  0],
       [18,  1],
       [ 3,  1]])), (array([ 3, 21, 12]), array([[ 3,  1],
       [21,  0],
       [12,  1]])), (array([11,  6, 14]), array([[11,  1],
       [ 6,  1],
       [14,  0]])), (array([ 3, 10, 18]), array([[ 3,  1],
       [10,  0],
       [18,  1]]))]
[(array([14,  5, 18]), array([[14,  1],
       [ 5,  1],
       [18,  1]])), (array([20,  3,  4]), array([[20,  0],
       [ 3,  0],
       [ 4,  1]])), (array([15,  6, 20]), array([[15,  1],
       [ 6,  1],
       [20,  0]])), (array([21, 17, 11]), array([[21,  1],
       [17,  0],
       [11,  0]])), (array([11,  6, 14]), array([[11,  1],
       [ 6,  1],
       [14,  0]])), (array([ 3, 10, 18]), array([[ 3,  1],
       [10,  0],
       [18,  1]]))]
[(array([16,  8,  4]), array([[16,  1],
       [ 8,  0],
       [ 4,  0]])), (array([21, 17, 11]), array([[21,  1],
       [17,  0],
       [11,  0]])), (array([18, 12,  2]), array([[18,  1],
       [12,  0],
       [ 2,  1]])), (array([ 8, 18,  3]), array([[ 8,  0],
       [18,  1],
       [ 3,  1]])), (array([ 3, 21, 12]), array([[ 3,  1],
       [21,  0],
       [12,  1]]))]
[(array([20,  3,  4]), array([[20,  0],
       [ 3,  0],
       [ 4,  1]])), (array([16,  8,  4]), array([[16,  1],
       [ 8,  0],
       [ 4,  0]])), (array([21, 17, 11]), array([[21,  1],
       [17,  0],
       [11,  0]])), (array([18, 12,  2]), array([[18,  1],
       [12,  0],
       [ 2,  1]])), (array([ 8, 18,  3]), array([[ 8,  0],
       [18,  1],
       [ 3,  1]])), (array([ 3, 21, 12]), array([[ 3,  1],
       [21,  0],
       [12,  1]]))]
[(array([14,  5, 18]), array([[14,  1],
       [ 5,  1],
       [18,  1]])), (array([20,  3,  4]), array([[20,  0],
       [ 3,  0],
       [ 4,  1]])), (array([15,  6, 20]), array([[15,  1],
       [ 6,  1],
       [20,  0]])), (array([11,  6, 14]), array([[11,  1],
       [ 6,  1],
       [14,  0]])), (array([ 3, 10, 18]), array([[ 3,  1],
       [10,  0],
       [18,  1]]))]
[(array([14,  5, 18]), array([[14,  1],
       [ 5,  1],
       [18,  1]])), (array([20,  3,  4]), array([[20,  0],
       [ 3,  0],
       [ 4,  1]])), (array([15,  6, 20]), array([[15,  1],
       [ 6,  1],
       [20,  0]])), (array([16,  8,  4]), array([[16,  1],
       [ 8,  0],
       [ 4,  0]])), (array([ 8, 18,  3]), array([[ 8,  0],
       [18,  1],
       [ 3,  1]])), (array([ 3, 21, 12]), array([[ 3,  1],
       [21,  0],
       [12,  1]])), (array([11,  6, 14]), array([[11,  1],
       [ 6,  1],
       [14,  0]])), (array([ 3, 10, 18]), array([[ 3,  1],
       [10,  0],
       [18,  1]]))]
[(array([14,  5, 18]), array([[14,  1],
       [ 5,  1],
       [18,  1]])), (array([20,  3,  4]), array([[20,  0],
       [ 3,  0],
       [ 4,  1]])), (array([15,  6, 20]), array([[15,  1],
       [ 6,  1],
       [20,  0]])), (array([18, 12,  2]), array([[18,  1],
       [12,  0],
       [ 2,  1]])), (array([11,  6, 14]), array([[11,  1],
       [ 6,  1],
       [14,  0]])), (array([ 3, 10, 18]), array([[ 3,  1],
       [10,  0],
       [18,  1]]))]
None
